111776888
1454016515
2489770074
4268410915
1267892720
2272314711
293544846
969048830
3560216401
3334264367
502186413
1521497458
463948513
2380559421
4158542780
2601574418
613391180
2094531533
2654387933
3954875092
887665708
4284282036
582654526
2197194023
342004030
3880583926
898707443
2990023525
1999474276
1724838739
31434895
2163929891
3173194769
2947650812
1325268238
1463912966
4265304894
1200143810
1568853031
13691259
2627323741
1046685319
3720010381
452019
4098582678
1299179473
1579806347
60205150
2524731192
1202469948
3131730241
4210497017
3777917899
2758434799
255443208
428886760
2524649836
1669588582
2260743118
2419751433
1806662995
51086473
447060203
3640708576
3591335354
1588381260
3567903194
347515555
3158567367
3258485875
2368228173
3090939058
2932246199
4076711560
553564498
480449574
387408012
3220857488
3026490797
2586325402
2003021189
22054349
3092133558
3563309685
1695801684
2989941494
221267445
2872816223
3301878543
290359039
1215268562
3277457906
1666127222
1310519163
1416679696
88825550
672951224
2377521082
3795425213
2181039051
2148478251
2018917364
781760713
2220347781
659594801
1034012801
560160354
4036397516
1516151376
3974768563
4214571579
134570158
3567802848
3764831553
2440985193
3441567436
3323094540
1040677217
2851553631
1629944155
2120962832
851808443
3110650415
3899906783
2499369811
2957856492
1429135068
227974659
2531553510
1644370660
2862271912
136241982
4254899989
4090689473
791671345
2200789300
3174351067
3117153039
1293302087
2867944890
9224162
3904350526
3527770239
347517880
3675651977
4007524889
1619922914
2209089316
3350672493
3388813830
2514031763
3141340592
2890291634
1841645779
846361489
524491460
4119992430
2831490609
1100318341
1246375998
4022948218
3252346793
1893833803
4040321103
3772874230
1007786534
2508131864
1889064115
3988603449
271340761
3667287966
2814234406
4140941163
1133378979
1813538206
1017359853
2476829558
1770209363
2635063517
2800233145
2878776589
1975563489
1041601721
1309979796
180549760
1541411869
1793331936
4124020469
3667658449
2529938334
2744590248
1572759504
2062674126
490253289
954357573
1179719417
520645671
980806242
2443914037
